     0/299     1.04G   0.07546   0.02978   0.01573     0.121         6       640  0.004577   0.06741  0.000824 0.0001236    0.1075   0.04382   0.01918
     1/299     3.92G   0.07387   0.02758    0.0141    0.1156        30       640  0.007107   0.02217 0.0009103 0.0001679     0.104   0.04638   0.01723
     2/299     5.54G   0.07394   0.02769   0.01302    0.1147        45       640   0.01181   0.01706  0.001987 0.0003429   0.09999   0.04913   0.01543
     3/299     5.54G   0.07216   0.02728   0.01166    0.1111        24       640    0.5123   0.04053   0.00358  0.000591    0.1004   0.04491   0.01863
     4/299     5.54G   0.07045   0.02809  0.009763    0.1083        10       640   0.02398   0.07781  0.006109  0.001076   0.09492   0.04825   0.01755
     5/299     5.54G   0.06872   0.02798  0.008479    0.1052        44       640   0.04662    0.1086   0.01598  0.003005   0.09734   0.04625   0.02718
     6/299     5.54G   0.06693   0.02917  0.007939     0.104        71       640    0.1126    0.1316    0.0585   0.01433   0.09065     0.049   0.01709
     7/299     5.54G    0.0643   0.02972  0.007336    0.1014        35       640    0.1805     0.166   0.08465   0.01989   0.08904   0.04848   0.01824
     8/299     5.54G   0.06314   0.03001  0.006955    0.1001        63       640    0.2527    0.2175     0.137    0.0372   0.08752   0.04943   0.01716
     9/299     5.54G   0.06154   0.02965  0.006398   0.09759        30       640    0.2281    0.2225    0.1095   0.03082   0.08336   0.05174   0.01919
    10/299     5.54G   0.06017    0.0298   0.00595   0.09593        22       640    0.2567    0.2461    0.1561    0.0434   0.08359   0.04994   0.01841
    11/299     5.54G   0.05938   0.02917  0.005897   0.09444        24       640     0.323    0.2857    0.2326   0.07626    0.0808   0.04821   0.01826
    12/299     5.54G    0.0581   0.02876  0.005535    0.0924        28       640    0.3508    0.3036    0.2391   0.07939   0.08046   0.04869   0.01826
    13/299     5.54G   0.05688   0.02886  0.005161    0.0909        78       640    0.3913    0.3249    0.2713   0.08914    0.0797    0.0497   0.01777
    14/299     5.54G   0.05685   0.02947  0.005137   0.09146        66       640    0.3943    0.3187    0.2887    0.1017   0.07934   0.04929    0.0189
    15/299     5.54G    0.0568   0.02954  0.004953    0.0913        19       640    0.3986    0.3465    0.3059    0.1105   0.07723   0.04916   0.01901
    16/299     5.54G   0.05555   0.02949  0.004596   0.08964        33       640    0.4626     0.331    0.3341    0.1223    0.0747   0.04919   0.02012
    17/299     5.54G   0.05481   0.02943  0.004642   0.08888       106       640    0.4332     0.364    0.3454    0.1301   0.07436   0.04801   0.02055
    18/299     5.54G   0.05435   0.02955  0.004283   0.08818        72       640    0.4814    0.3712     0.369    0.1428    0.0745   0.04875   0.01999
    19/299     5.54G   0.05372   0.02897  0.004169   0.08686        64       640     0.503    0.3689    0.3741    0.1402   0.07392    0.0489   0.02025
    20/299     5.54G   0.05267   0.02807  0.003955   0.08469        93       640    0.5248    0.3866    0.3944    0.1556   0.07267   0.04826   0.02041
    21/299     5.54G   0.05247   0.02878  0.003971   0.08522        40       640    0.5276    0.3921    0.3965    0.1545   0.07296    0.0501   0.01974
    22/299     5.54G   0.05201    0.0293  0.003796   0.08511        20       640    0.4956    0.4101    0.4053    0.1617    0.0721    0.0493   0.02024
    23/299     5.54G   0.05186   0.02777  0.003763   0.08339        25       640    0.5448    0.3965    0.4173    0.1699   0.07256   0.04906    0.0199
    24/299     5.54G   0.05157   0.02796  0.003677   0.08321        40       640    0.5511    0.3991    0.4179      0.17   0.07167   0.04777   0.02108
    25/299     5.54G   0.05148   0.02856  0.003649   0.08369        63       640    0.5629    0.4122    0.4371     0.178   0.07113    0.0492   0.02014
    26/299     5.54G   0.05091   0.02791  0.003582    0.0824        11       640    0.5367    0.4295    0.4412    0.1842   0.07081   0.04922   0.02069
    27/299     5.54G   0.05043   0.02836  0.003571   0.08236        54       640    0.5942    0.4161    0.4529    0.1861   0.07014   0.04954    0.0199
    28/299     5.54G   0.05024   0.02739  0.003406   0.08104        51       640    0.5734    0.4437    0.4637    0.1961   0.07019   0.04885   0.02035
    29/299     5.54G   0.04948   0.02739  0.003339   0.08021        65       640    0.5908    0.4309    0.4673    0.1964   0.06931   0.04832   0.02057
    30/299     5.54G    0.0499    0.0276  0.003323   0.08083        33       640    0.6171    0.4175    0.4709    0.1996   0.06895   0.04856   0.02088
    31/299     5.54G   0.04907   0.02702  0.003133   0.07923        39       640    0.6003    0.4461    0.4812     0.202   0.07016   0.04882   0.02034
    32/299     5.54G   0.04881   0.02776  0.003284   0.07986        20       640    0.6161    0.4235    0.4779    0.2049   0.06953   0.04811   0.02099
    33/299     5.54G   0.04865    0.0278  0.003142   0.07959        23       640    0.5717    0.4447    0.4675    0.1981   0.06913   0.04921   0.02029
    34/299     5.54G   0.04873   0.02819  0.003299   0.08023        72       640    0.5688    0.4655    0.4804    0.2098    0.0682   0.04919   0.02082
    35/299     5.54G   0.04811   0.02704  0.003035   0.07818        92       640    0.6218    0.4516    0.4988     0.215   0.06926    0.0483   0.02061
    36/299     5.54G   0.04798   0.02787  0.003042   0.07889        43       640    0.6692    0.4401    0.5034    0.2194   0.06779   0.04908   0.01978
    37/299     5.54G   0.04769   0.02691  0.003118   0.07772        22       640    0.6055    0.4543     0.496     0.222   0.06826   0.04876   0.02122
    38/299     5.54G   0.04726   0.02714  0.002962   0.07736        44       640    0.6222    0.4756    0.5118    0.2254   0.06674   0.04924   0.02004
    39/299     5.54G   0.04726   0.02693  0.002905    0.0771        54       640    0.6006    0.4887    0.5107    0.2301   0.06748   0.04863   0.02096
    40/299     5.54G     0.047   0.02743  0.002749   0.07718       124       640    0.5899    0.5069    0.5239     0.233   0.06732   0.04879   0.02153
    41/299     5.54G   0.04715   0.02689  0.002857    0.0769        47       640    0.6297    0.4798    0.5186    0.2325   0.06694    0.0491   0.02097
    42/299     5.54G   0.04706   0.02713  0.002738   0.07693        27       640    0.6046    0.4962    0.5264    0.2332   0.06771   0.04877   0.02107
    43/299     5.54G    0.0463   0.02635  0.002736   0.07539        42       640    0.6418    0.4811    0.5285    0.2399   0.06655   0.04866   0.02227
    44/299     5.54G    0.0467   0.02656  0.002712   0.07597        40       640    0.5908    0.5229    0.5327    0.2401   0.06693   0.04817   0.02077
    45/299     5.54G   0.04595   0.02693  0.002694   0.07557        18       640    0.6244    0.4964    0.5322    0.2396   0.06621   0.04845   0.02168
    46/299     5.54G   0.04594   0.02685  0.002705    0.0755        39       640    0.6261    0.5228    0.5488    0.2453   0.06558   0.04864   0.02094
    47/299     5.54G   0.04592   0.02664  0.002646    0.0752        28       640    0.6124    0.5293    0.5427    0.2494   0.06603   0.04859   0.02165
    48/299     5.55G   0.04621   0.02712  0.002581   0.07591        69       640    0.6679    0.4955    0.5516    0.2502   0.06593   0.04884   0.02128
    49/299     5.55G   0.04596   0.02772  0.002659   0.07634        50       640    0.6382    0.5158    0.5487    0.2505   0.06595   0.04842   0.02108
    50/299     5.55G   0.04541   0.02626   0.00254   0.07421        41       640    0.6469    0.5116    0.5491    0.2531   0.06531   0.04876   0.02092
    51/299     5.55G   0.04528    0.0272  0.002534   0.07502        64       640    0.6655    0.5082    0.5546    0.2552   0.06591   0.04833   0.02083
    52/299     5.55G    0.0451   0.02656  0.002539    0.0742         8       640    0.6209    0.5371    0.5567      0.26   0.06518   0.04891   0.02119
    53/299     5.55G   0.04513   0.02634  0.002522   0.07399        40       640    0.6259    0.5379    0.5618    0.2626   0.06498    0.0495   0.02091
    54/299     5.55G   0.04521   0.02668  0.002554   0.07444        52       640    0.6753    0.4998    0.5573    0.2563   0.06558   0.04819   0.02145
    55/299     5.55G   0.04479   0.02585   0.00242   0.07306        74       640    0.6367    0.5519    0.5714     0.266   0.06455   0.04884   0.02128
    56/299     5.55G   0.04468   0.02682  0.002346   0.07384        89       640    0.6182    0.5396    0.5631    0.2644   0.06423   0.05004    0.0203
    57/299     5.55G   0.04452   0.02686  0.002391   0.07378        91       640    0.6412      0.54    0.5698    0.2709   0.06457   0.04874   0.02088
    58/299     5.55G   0.04429   0.02658  0.002352   0.07322        17       640    0.6605    0.5288    0.5658    0.2628   0.06448   0.04856    0.0204
    59/299     5.55G   0.04446   0.02609  0.002267   0.07281        34       640    0.6175    0.5646    0.5691    0.2655   0.06432   0.04918   0.02023
    60/299     5.55G   0.04452   0.02593  0.002367   0.07282        19       640    0.6617    0.5357    0.5734    0.2693   0.06421   0.04806   0.02067
    61/299     5.55G   0.04374   0.02595  0.002343   0.07203       102       640    0.6787    0.5212    0.5721    0.2699   0.06415   0.04868   0.02075
    62/299     5.55G   0.04395   0.02616  0.002306   0.07242        17       640    0.6768     0.536    0.5817     0.279   0.06459   0.04868   0.02032
    63/299     5.55G   0.04401   0.02595  0.002376   0.07234        71       640    0.7008    0.5222     0.585    0.2807   0.06337   0.04937   0.02024
    64/299     5.55G     0.044   0.02639  0.002204   0.07259        59       640    0.6828    0.5423    0.5876    0.2811   0.06426   0.04841   0.02024
    65/299     5.55G   0.04388   0.02662  0.002199   0.07269        58       640    0.6987    0.5447    0.5997    0.2909   0.06354   0.04792   0.02062
    66/299     5.55G   0.04399   0.02582   0.00235   0.07216        13       640    0.6753    0.5521    0.5885     0.283   0.06331   0.04853   0.02046
    67/299     5.55G   0.04329   0.02584   0.00234   0.07147        27       640    0.6576    0.5699    0.5981    0.2857   0.06302   0.04901   0.02064
    68/299     5.55G   0.04301   0.02607  0.002163   0.07125        25       640     0.707    0.5413     0.598    0.2879   0.06329   0.04852   0.02034
    69/299     5.55G   0.04339   0.02634  0.002294   0.07202        41       640    0.6791    0.5618    0.5975    0.2879   0.06372   0.04875   0.02046
    70/299     5.55G   0.04272   0.02574  0.002158   0.07062        14       640    0.7049    0.5453    0.6022    0.2902   0.06243   0.04915   0.01981
    71/299     5.55G    0.0427   0.02604  0.002178   0.07091        36       640    0.6762    0.5664    0.6011    0.2927   0.06266    0.0496   0.02032
    72/299     5.55G   0.04307   0.02551  0.002093   0.07067        20       640    0.6573     0.579    0.6041    0.2927   0.06252   0.04955   0.01999
    73/299     5.55G   0.04289   0.02585  0.002171   0.07092        33       640    0.6694    0.5663    0.5954      0.29   0.06235   0.04863   0.02023
    74/299     5.55G    0.0422   0.02582  0.002104   0.07013        20       640    0.6906    0.5502    0.5996    0.2945   0.06186   0.04898   0.01982
    75/299     5.55G   0.04243    0.0249  0.002047   0.06938        32       640    0.6957    0.5484    0.5971    0.2893   0.06259   0.04942   0.01922
    76/299     5.55G   0.04278   0.02636  0.002174   0.07132        65       640    0.7134     0.545    0.6127    0.3003   0.06238   0.04927   0.01904
    77/299     5.55G   0.04221   0.02578  0.002111    0.0701        62       640     0.657    0.5923    0.6094     0.297   0.06191   0.04921   0.01923
    78/299     5.55G   0.04209    0.0249  0.002008   0.06899        59       640    0.7007     0.563    0.6121    0.2976   0.06221   0.04872   0.01944
    79/299     5.55G   0.04229    0.0253  0.002044   0.06964        38       640     0.648    0.6045    0.6152    0.3036    0.0611   0.04977   0.01891
    80/299     5.55G   0.04243     0.026  0.002061    0.0705        54       640    0.6608    0.5948    0.6188    0.3037   0.06099    0.0493   0.01882
    81/299     5.55G   0.04207   0.02598  0.002084   0.07013        73       640    0.6927    0.5738    0.6205    0.3021   0.06124   0.04892   0.01828
    82/299     5.55G   0.04204   0.02544  0.001925   0.06941        11       640    0.7258    0.5454    0.6163    0.3019   0.06195   0.04931   0.01866
    83/299     5.55G   0.04191    0.0258  0.002078   0.06978        37       640    0.7307    0.5534    0.6108    0.2993   0.06155    0.0489   0.01864
    84/299     5.55G   0.04162   0.02544  0.002118   0.06917        79       640     0.715    0.5635    0.6207     0.304   0.06106   0.04922   0.01873
    85/299     5.55G   0.04203   0.02512  0.002038   0.06918        71       640    0.6719    0.5944     0.619    0.3043   0.06152   0.04896   0.01795
    86/299     5.55G   0.04188    0.0254  0.001998   0.06928        58       640    0.6605    0.5964    0.6191    0.3056   0.06102    0.0497   0.01804
    87/299     5.55G   0.04129   0.02561  0.001925   0.06882        72       640    0.6788    0.5812    0.6193    0.3088   0.06096   0.04934   0.01769
    88/299     5.55G   0.04111   0.02563  0.001902   0.06864        47       640    0.7029    0.5853    0.6278    0.3109   0.06092   0.04915    0.0178
    89/299     5.55G   0.04173   0.02614  0.001989   0.06986        38       640    0.7016    0.5842    0.6232    0.3075   0.06059   0.04933   0.01777
    90/299     5.55G   0.04118   0.02595  0.001891   0.06902        33       640    0.6901    0.5913    0.6222     0.308    0.0612   0.04945   0.01823
    91/299     5.55G   0.04117   0.02601  0.001958   0.06913        50       640    0.6883    0.5881    0.6251    0.3141   0.06097   0.04911   0.01768
    92/299     5.55G   0.04097   0.02531  0.001765   0.06804        38       640    0.7027    0.5741    0.6222    0.3107   0.06052   0.04932   0.01751
    93/299     5.55G   0.04097   0.02583  0.001825   0.06862        38       640    0.6869    0.6008    0.6323    0.3188   0.06023   0.04985   0.01698
    94/299     5.55G   0.04072   0.02519   0.00197   0.06788        15       640     0.676    0.6067    0.6228    0.3141   0.05992   0.04987   0.01732
    95/299     5.55G   0.04114   0.02547  0.001927   0.06854        32       640    0.6865    0.5958    0.6279     0.315   0.05995    0.0495   0.01661
    96/299     5.55G    0.0409     0.025  0.001954   0.06785        55       640    0.6887    0.5971    0.6323    0.3151   0.06016   0.04972   0.01685
    97/299     5.55G   0.04136   0.02565  0.001893   0.06891        50       640    0.7493    0.5543     0.626    0.3142   0.05994   0.05026   0.01661
    98/299     5.55G   0.04086   0.02565     0.002   0.06851        74       640    0.7306    0.5743    0.6345    0.3175   0.06001   0.04928   0.01673
    99/299     5.55G   0.04087   0.02546  0.001888   0.06822        28       640    0.7133    0.5906     0.637    0.3187   0.06034   0.04906   0.01698
   100/299     5.55G   0.04043    0.0255   0.00182   0.06776        36       640    0.6842    0.6154    0.6412    0.3246   0.05971   0.04901   0.01719
   101/299     5.55G   0.04026   0.02539  0.001904   0.06756        65       640    0.7101    0.5961    0.6402    0.3208   0.05973   0.04914   0.01675
   102/299     5.55G   0.04032   0.02544  0.001801   0.06756        27       640    0.7449    0.5793    0.6439    0.3243   0.05929   0.04967   0.01633
   103/299     5.55G   0.04012   0.02518  0.001872   0.06717        34       640    0.7285    0.5897    0.6407    0.3216   0.05924   0.05006   0.01639
   104/299     5.55G    0.0405   0.02588  0.001887   0.06827        27       640    0.7304      0.58    0.6417    0.3268   0.05949   0.04949   0.01662
   105/299     5.55G   0.04176   0.02629  0.002128   0.07018        27       640    0.7082    0.5645    0.6089    0.3042   0.06068   0.04917   0.01707
   106/299     5.55G   0.04116   0.02558  0.001987   0.06873        13       640    0.6941    0.5855    0.6213    0.3122   0.06028   0.04924   0.01711
   107/299     5.55G   0.04087   0.02525  0.001988   0.06812        84       640    0.6822    0.6113    0.6281    0.3151      0.06   0.04914   0.01626
   108/299     5.55G   0.04104    0.0259  0.001958    0.0689         8       640    0.7129    0.5861    0.6329    0.3181   0.05965   0.04857   0.01704
   109/299     5.55G    0.0405   0.02547  0.001852   0.06782        29       640    0.6952    0.6014    0.6396    0.3266   0.05927   0.04876   0.01624
   110/299     5.55G   0.03995   0.02459  0.001749   0.06629        29       640    0.6791    0.6174    0.6421    0.3268   0.05982   0.04907   0.01609
   111/299     5.55G   0.04009   0.02506  0.001809   0.06696        39       640    0.6788    0.6194    0.6408     0.325    0.0592   0.04897   0.01652
   112/299     5.55G   0.04002    0.0257   0.00177   0.06749        35       640     0.703    0.6059     0.644    0.3263   0.05889   0.04967   0.01558
   113/299     5.55G   0.04024   0.02535  0.001981   0.06757        36       640    0.6996    0.6181    0.6473    0.3282   0.05878   0.04954    0.0159
   114/299     5.55G   0.03994   0.02525  0.001866   0.06705        33       640    0.7008    0.6084    0.6433    0.3267   0.05871   0.04955   0.01559
   115/299     5.55G      0.04    0.0251  0.001848   0.06695        53       640    0.7197    0.5893    0.6416    0.3311   0.05857   0.04932   0.01624
   116/299     5.55G   0.03969   0.02544  0.001812   0.06694        55       640    0.7335    0.5823    0.6448    0.3349   0.05864   0.04897    0.0158
   117/299     5.55G    0.0393   0.02442  0.001729   0.06544        41       640    0.6994    0.6101    0.6491     0.333   0.05845   0.04946   0.01647
   118/299     5.55G   0.03939   0.02482  0.001797     0.066        65       640    0.7255    0.5975     0.647    0.3353   0.05833   0.04976   0.01562
   119/299     5.55G   0.03926   0.02505  0.001734   0.06605       115       640    0.7302    0.5989    0.6533     0.335   0.05859   0.04981   0.01575
   120/299     5.55G   0.03914   0.02511  0.001702   0.06596        45       640    0.7338    0.6062    0.6553    0.3379   0.05851   0.04949    0.0161
   121/299     5.55G   0.03908   0.02522  0.001773   0.06608        19       640    0.7215    0.5971    0.6533    0.3372   0.05855   0.04936   0.01552
   122/299     5.55G   0.03977   0.02536  0.001734   0.06687        58       640    0.7325    0.5987    0.6575    0.3398   0.05857   0.04937   0.01524
   123/299     5.55G   0.03896   0.02486  0.001663   0.06548        27       640    0.7272    0.5966    0.6519    0.3379   0.05838   0.04939   0.01485
   124/299     5.55G   0.03954   0.02552  0.001782   0.06684        88       640    0.7159     0.615    0.6563    0.3384   0.05833   0.04922   0.01548
   125/299     5.55G   0.03924   0.02438  0.001659   0.06528        38       640    0.7053    0.6115    0.6492    0.3402   0.05855   0.04972   0.01529
   126/299     5.55G   0.03899   0.02418  0.001737   0.06491        16       640    0.7409    0.5891    0.6499    0.3347   0.05791   0.04978   0.01499
   127/299     5.55G   0.03883   0.02496  0.001623   0.06542        30       640     0.727    0.6028    0.6534    0.3384   0.05803   0.04956   0.01504
   128/299     5.55G   0.03842   0.02472   0.00164   0.06478        22       640    0.7019    0.6288    0.6587    0.3398   0.05783   0.04981   0.01488
   129/299     5.55G   0.03845   0.02456  0.001628   0.06464        57       640    0.7077    0.6236    0.6579    0.3344   0.05775   0.04945   0.01477
   130/299     5.55G   0.03884    0.0245  0.001692   0.06504       119       640      0.73    0.6125    0.6594    0.3425   0.05749   0.04934   0.01471
   131/299     5.55G   0.03858   0.02478  0.001635     0.065        27       640    0.7234    0.6019    0.6555      0.34   0.05766   0.04996   0.01445
   132/299     5.55G   0.03836   0.02516  0.001549   0.06508        69       640    0.7388    0.6033    0.6629     0.341   0.05763   0.04925   0.01438
   133/299     5.55G   0.03845   0.02423  0.001673   0.06435        15       640    0.7292    0.5962    0.6524    0.3369   0.05795   0.04891   0.01497
   134/299     5.55G   0.03841   0.02491  0.001603   0.06492        34       640    0.7034    0.6231    0.6575    0.3413   0.05713   0.04981   0.01411
   135/299     5.55G   0.03822   0.02431  0.001667   0.06419        42       640    0.7387    0.5996    0.6583    0.3375   0.05736   0.04998   0.01411
   136/299     5.55G   0.03869    0.0249  0.001679   0.06527        73       640     0.711    0.6251    0.6616    0.3416   0.05756   0.04939   0.01457
   137/299     5.55G   0.03817   0.02489  0.001634   0.06469        23       640    0.7118    0.6193    0.6607    0.3426   0.05744   0.04952   0.01442
   138/299     5.55G   0.03813   0.02517  0.001667   0.06497        27       640    0.7131    0.6222    0.6605    0.3447   0.05754   0.04988    0.0141
   139/299     5.55G   0.03826   0.02482   0.00171   0.06479        26       640    0.7426    0.6022    0.6645    0.3474   0.05719   0.04953   0.01434
   140/299     5.55G   0.03811   0.02473  0.001604   0.06444        50       640    0.7084    0.6217     0.662    0.3402   0.05739   0.04946   0.01428
   141/299     5.55G   0.03786   0.02482  0.001626   0.06431        35       640    0.7155    0.6236     0.661    0.3418   0.05742   0.04957   0.01406
   142/299     5.55G   0.03816   0.02441  0.001624    0.0642        62       640    0.7092    0.6251    0.6604    0.3424   0.05738    0.0491   0.01408
   143/299     5.55G   0.03804   0.02379  0.001575   0.06341        32       640     0.743    0.6075    0.6638    0.3477   0.05744   0.04902   0.01421
   144/299     5.55G   0.03802   0.02524  0.001584   0.06484        49       640    0.7333    0.6117    0.6655    0.3483   0.05671   0.04998   0.01354
   145/299     5.55G   0.03769   0.02409  0.001594   0.06337        23       640    0.7096    0.6266    0.6603     0.345   0.05708   0.04997   0.01366
   146/299     5.55G   0.03786   0.02504  0.001491   0.06439        33       640    0.7223    0.6104    0.6596    0.3427   0.05713   0.04986   0.01384
   147/299     5.55G   0.03759   0.02441  0.001589   0.06359        31       640    0.7142      0.63    0.6667    0.3499   0.05691   0.04941   0.01407
   148/299     5.55G   0.03768   0.02409  0.001608   0.06338        61       640    0.7058    0.6331    0.6659    0.3477   0.05664   0.05019   0.01368
   149/299     5.55G   0.03753   0.02421  0.001553    0.0633        62       640    0.7303    0.6122    0.6638    0.3501   0.05665   0.05044   0.01398
   150/299     5.55G   0.03817   0.02504  0.001745   0.06496        62       640    0.7162    0.5916     0.639    0.3293   0.05791   0.04983   0.01413
   151/299     5.55G   0.03815   0.02474  0.001818   0.06471        71       640     0.705    0.6227    0.6582    0.3376   0.05717   0.04956   0.01416
   152/299     5.55G   0.03802   0.02419  0.001587    0.0638        52       640    0.6987    0.6318    0.6616    0.3406   0.05713   0.05025   0.01366
   153/299     5.55G   0.03799   0.02503  0.001589    0.0646       131       640    0.7275    0.6233    0.6683    0.3425   0.05689   0.05017   0.01331
   154/299     5.55G   0.03762   0.02467  0.001517   0.06381        39       640    0.7176    0.6178    0.6641    0.3429   0.05675   0.04984   0.01356
   155/299     5.55G   0.03756   0.02457   0.00159   0.06372        47       640    0.6992    0.6379    0.6624    0.3454   0.05664   0.05006   0.01365
   156/299     5.55G   0.03757    0.0249  0.001557   0.06403        45       640    0.7143    0.6178    0.6584     0.343   0.05696   0.05011   0.01396
   157/299     5.55G   0.03735   0.02426   0.00155   0.06316        28       640    0.7536    0.6007    0.6623    0.3465   0.05666   0.05026   0.01369
   158/299     5.55G   0.03711   0.02462  0.001468    0.0632        29       640    0.7359     0.611    0.6666    0.3475   0.05694   0.05047    0.0139
   159/299     5.55G   0.03695   0.02401  0.001491   0.06245        28       640    0.7112    0.6323    0.6628    0.3476   0.05638   0.05008   0.01349
   160/299     5.55G    0.0374   0.02432  0.001541   0.06326        19       640    0.7036    0.6371    0.6661    0.3461   0.05648   0.05052   0.01349
   161/299     5.55G   0.03701   0.02464  0.001494   0.06315        18       640    0.6896    0.6385    0.6635    0.3485   0.05653   0.05035   0.01361
   162/299     5.55G   0.03697   0.02451  0.001482   0.06296        33       640    0.7124    0.6401    0.6704      0.35   0.05651   0.05042   0.01342
   163/299     5.55G   0.03685   0.02475   0.00158   0.06318        36       640    0.6976    0.6508    0.6656    0.3483   0.05633   0.05032   0.01342
   164/299     5.55G   0.03676   0.02363  0.001504    0.0619        52       640    0.7202    0.6341    0.6684    0.3532    0.0561      0.05   0.01341
   165/299     5.55G   0.03684   0.02396  0.001474   0.06228        83       640    0.7274    0.6297    0.6701    0.3522   0.05608   0.05054   0.01299
   166/299     5.55G   0.03637   0.02442  0.001428   0.06221        42       640    0.7544    0.6054    0.6693    0.3527   0.05574   0.05105   0.01269
   167/299     5.55G   0.03659   0.02476  0.001418   0.06277        54       640    0.7168    0.6281    0.6687      0.35    0.0561   0.05075   0.01294
   168/299     5.55G   0.03659   0.02425  0.001437   0.06227        24       640    0.7132    0.6346    0.6711    0.3535   0.05616   0.05025   0.01302
   169/299     5.55G   0.03662   0.02324  0.001473   0.06133        48       640    0.7266    0.6293    0.6714    0.3504   0.05613   0.05097   0.01302
   170/299     5.55G   0.03664   0.02458  0.001417   0.06263        85       640    0.7158    0.6326    0.6719     0.352   0.05628   0.05021   0.01341
   171/299     5.55G   0.03636   0.02404  0.001461   0.06186        30       640    0.7337    0.6211    0.6762    0.3569   0.05603   0.05045   0.01323
   172/299     5.55G   0.03653   0.02365  0.001452   0.06163        64       640    0.7449    0.6008    0.6704    0.3514   0.05624   0.05063   0.01308
   173/299     5.55G   0.03642   0.02336   0.00158   0.06136        46       640    0.7446    0.6163    0.6747    0.3537   0.05597   0.05069   0.01297
   174/299     5.55G   0.03641   0.02392  0.001567    0.0619        48       640      0.72     0.622    0.6724    0.3534   0.05619   0.05081   0.01361
   175/299     5.55G   0.03649   0.02456  0.001476   0.06252        72       640    0.7087    0.6323    0.6736    0.3542   0.05591   0.05074   0.01335
   176/299     5.55G   0.03614   0.02391  0.001305   0.06136        77       640    0.7298    0.6188    0.6716    0.3504   0.05599   0.05154   0.01306
   177/299     5.55G   0.03595   0.02356  0.001373   0.06089        25       640    0.7137    0.6329    0.6671    0.3503   0.05551   0.05143   0.01278
   178/299     5.55G   0.03585   0.02383  0.001412   0.06109        32       640     0.724     0.625    0.6667    0.3524    0.0558   0.05132   0.01296
   179/299     5.55G   0.03598   0.02334  0.001445   0.06077        23       640    0.7233    0.6235    0.6684    0.3521   0.05596   0.05119   0.01318
   180/299     5.55G   0.03594   0.02357  0.001424   0.06093        43       640    0.7214    0.6248    0.6653    0.3516   0.05575   0.05123   0.01305
   181/299     5.55G   0.03565   0.02297  0.001363   0.05998        60       640    0.7204    0.6365    0.6725    0.3556   0.05579   0.05162   0.01292
   182/299     5.55G   0.03593   0.02328  0.001348   0.06056        44       640    0.7457    0.6166    0.6711     0.355   0.05566   0.05138    0.0131
   183/299     5.55G     0.036   0.02341  0.001455   0.06087        13       640      0.74    0.6324    0.6761     0.355   0.05578   0.05116   0.01308
   184/299     5.55G   0.03582   0.02392  0.001425   0.06116        42       640     0.734    0.6312    0.6732    0.3542   0.05571   0.05133    0.0129
   185/299     5.55G     0.036   0.02307  0.001365   0.06044        44       640    0.7607    0.6129    0.6759    0.3548   0.05554   0.05114   0.01283
   186/299     5.55G   0.03555   0.02344  0.001349   0.06033        80       640     0.726    0.6355    0.6779    0.3526   0.05573   0.05157   0.01274
   187/299     5.55G    0.0354   0.02327  0.001331      0.06        40       640    0.7105    0.6489    0.6785     0.353    0.0557   0.05123   0.01285
   188/299     5.55G   0.03558   0.02325  0.001363    0.0602        35       640    0.7407     0.623    0.6792    0.3541   0.05574   0.05108   0.01293
   189/299     5.55G   0.03559   0.02311  0.001345   0.06004        17       640    0.7451    0.6132     0.671    0.3554   0.05564    0.0517   0.01263
   190/299     5.55G   0.03584   0.02394  0.001393   0.06118       124       640    0.7303    0.6285    0.6734    0.3546   0.05553    0.0519   0.01268
   191/299     5.55G    0.0355   0.02343   0.00131   0.06024        67       640    0.7247    0.6339    0.6775    0.3609   0.05557   0.05139   0.01297
   192/299     5.55G   0.03572   0.02414  0.001336    0.0612        93       640    0.7357    0.6254    0.6697    0.3544   0.05575   0.05237   0.01266
   193/299     5.55G   0.03488   0.02308  0.001244    0.0592        59       640    0.7397    0.6278    0.6727    0.3557   0.05588   0.05191   0.01304
   194/299     5.55G   0.03509   0.02242  0.001345   0.05886        64       640    0.7274    0.6339    0.6716    0.3575   0.05565   0.05192    0.0129
   195/299     5.55G   0.03509   0.02349  0.001277   0.05985        35       640    0.7065     0.649    0.6732    0.3571   0.05594     0.052   0.01282
   196/299     5.55G   0.03494   0.02329  0.001306   0.05953        88       640    0.7335    0.6267     0.671    0.3539   0.05565   0.05224    0.0127
   197/299     5.55G   0.03541   0.02414  0.001396   0.06095        27       640    0.7343    0.6208    0.6698     0.353   0.05562   0.05222   0.01263
   198/299     5.55G   0.03516   0.02312  0.001388   0.05967        66       640    0.7371    0.6233     0.676     0.359   0.05541   0.05255    0.0124
   199/299     5.55G   0.03491   0.02304  0.001342   0.05929        40       640    0.7268    0.6354    0.6733    0.3578   0.05535   0.05207   0.01271
   200/299     5.55G   0.03495   0.02324  0.001277   0.05946        31       640    0.7408    0.6188    0.6743     0.356   0.05534   0.05242   0.01269
   201/299     5.55G   0.03481   0.02323  0.001263    0.0593        53       640    0.7246    0.6355    0.6736    0.3559   0.05558   0.05215   0.01288
   202/299     5.55G   0.03479   0.02232  0.001287    0.0584        22       640    0.7218    0.6386    0.6746     0.355   0.05548   0.05288   0.01277
   203/299     5.55G   0.03491    0.0229  0.001248   0.05906        15       640    0.7249    0.6331    0.6707    0.3548   0.05561   0.05237   0.01283
   204/299     5.55G   0.03491   0.02292  0.001204   0.05904        14       640      0.72    0.6384    0.6759    0.3564   0.05555   0.05259   0.01288
   205/299     5.55G   0.03466   0.02225  0.001222   0.05813        38       640    0.7192     0.643    0.6753    0.3574   0.05545   0.05271   0.01266
   206/299     5.55G   0.03492   0.02311  0.001297   0.05933        35       640    0.7163    0.6444    0.6743     0.356   0.05568   0.05269   0.01241
   207/299     5.55G   0.03443   0.02303  0.001282   0.05874        53       640    0.7327    0.6339     0.673    0.3547   0.05578   0.05252   0.01249
   208/299     5.55G   0.03513     0.023  0.001315   0.05945        36       640    0.7229    0.6422    0.6749    0.3565   0.05583   0.05194   0.01288
   209/299     5.55G   0.03429   0.02248  0.001191   0.05796        64       640    0.7357    0.6362     0.677    0.3568   0.05572   0.05184   0.01283
   210/299     5.55G   0.03471   0.02298  0.001236   0.05893        36       640    0.7169    0.6457    0.6754    0.3564   0.05572   0.05235   0.01273
   211/299     5.55G   0.03428   0.02236  0.001287   0.05794        26       640    0.7353    0.6302    0.6782    0.3574   0.05559   0.05322   0.01261
   212/299     5.55G   0.03424   0.02246  0.001227   0.05793         9       640    0.7169    0.6438     0.677    0.3566   0.05536   0.05324   0.01248
   213/299     5.55G   0.03444    0.0229  0.001289   0.05862        50       640    0.7258    0.6453    0.6777    0.3588   0.05532   0.05279   0.01253
   214/299     5.55G   0.03457   0.02279  0.001271   0.05864        34       640    0.7188    0.6411    0.6761    0.3551   0.05552   0.05276   0.01262
   215/299     5.55G   0.03442   0.02348  0.001261   0.05916        25       640    0.7122    0.6419     0.673    0.3563   0.05551   0.05286   0.01253
   216/299     5.55G   0.03402   0.02213  0.001247    0.0574        48       640    0.7304    0.6299    0.6727    0.3582   0.05552    0.0533   0.01255
   217/299     5.55G   0.03435    0.0225  0.001213   0.05806        66       640    0.7224    0.6404    0.6769    0.3582   0.05547   0.05314   0.01268
   218/299     5.55G   0.03414   0.02321  0.001154    0.0585        28       640    0.7333    0.6331    0.6739    0.3579   0.05536   0.05349    0.0124
   219/299     5.55G   0.03444   0.02334  0.001199   0.05898        55       640    0.7276     0.633    0.6721    0.3576   0.05553   0.05334   0.01235
   220/299     5.55G   0.03412   0.02241   0.00129   0.05782        56       640     0.725    0.6394    0.6731    0.3558   0.05554   0.05324   0.01239
   221/299     5.55G   0.03413   0.02245  0.001283   0.05786        26       640    0.7398    0.6302    0.6735    0.3572   0.05538   0.05305   0.01241
   222/299     5.55G   0.03402   0.02265  0.001202   0.05788        61       640    0.7272    0.6285    0.6748     0.358   0.05511   0.05325   0.01244
   223/299     5.55G   0.03401   0.02217  0.001219    0.0574        34       640    0.7343    0.6307    0.6759    0.3582   0.05515   0.05338   0.01241
   224/299     5.55G   0.03381   0.02263  0.001202   0.05764        55       640    0.7365    0.6301     0.672    0.3553   0.05518   0.05383   0.01244
   225/299     5.55G   0.03388   0.02209  0.001235   0.05721        28       640    0.7235    0.6377     0.675    0.3586   0.05511   0.05352   0.01233
   226/299     5.55G   0.03384   0.02173  0.001195   0.05676        51       640    0.7512    0.6219    0.6791    0.3604   0.05495   0.05364   0.01229
   227/299     5.55G    0.0338   0.02237  0.001136   0.05731        74       640    0.7071    0.6482    0.6759    0.3582   0.05524   0.05357   0.01247
   228/299     5.55G   0.03416   0.02311  0.001213   0.05848        38       640    0.7293    0.6311    0.6748    0.3553   0.05565    0.0535   0.01257
   229/299     5.55G   0.03368   0.02315  0.001134   0.05796        89       640    0.7405    0.6301    0.6762    0.3584   0.05529   0.05373   0.01233
   230/299     5.55G   0.03368   0.02191  0.001181   0.05677        12       640    0.7161    0.6457    0.6748    0.3587   0.05559   0.05353   0.01252
   231/299     5.55G   0.03356   0.02213  0.001193   0.05688        44       640    0.7353    0.6418    0.6774    0.3608   0.05544   0.05358    0.0123
   232/299     5.55G   0.03362    0.0223  0.001198   0.05712        65       640    0.7329    0.6481    0.6807    0.3611    0.0553   0.05349   0.01254
   233/299     5.55G   0.03334   0.02184  0.001138   0.05632       112       640    0.7463    0.6325    0.6777    0.3588   0.05541   0.05364   0.01254
   234/299     5.55G   0.03393   0.02238  0.001222   0.05752        78       640    0.7518    0.6185     0.675    0.3593   0.05544   0.05386   0.01231
   235/299     5.55G   0.03344   0.02236  0.001207   0.05701        65       640    0.7367    0.6329    0.6744    0.3598   0.05522   0.05387   0.01214
   236/299     5.55G   0.03333   0.02179   0.00118    0.0563        36       640    0.7349    0.6292    0.6737    0.3593   0.05514   0.05398   0.01234
   237/299     5.55G   0.03357   0.02203  0.001137   0.05674        38       640    0.7489    0.6179    0.6716    0.3584   0.05515   0.05439   0.01217
   238/299     5.55G   0.03359   0.02248   0.00115   0.05721        55       640    0.7402    0.6311    0.6749    0.3586   0.05525    0.0542    0.0122
   239/299     5.55G   0.03355    0.0227   0.00116   0.05741        60       640    0.7209    0.6376      0.67    0.3589   0.05536   0.05431   0.01213
   240/299     5.55G   0.03328   0.02255  0.001144   0.05698        27       640    0.7234    0.6467    0.6762    0.3599   0.05533   0.05427   0.01205
   241/299     5.55G    0.0328   0.02179  0.001097   0.05569        22       640    0.7474    0.6283    0.6776    0.3613   0.05529   0.05431   0.01221
   242/299     5.55G   0.03348    0.0225  0.001164   0.05715        66       640    0.7413    0.6306    0.6748     0.362   0.05532   0.05434   0.01227
   243/299     5.55G   0.03321   0.02197  0.001175   0.05635        16       640    0.7513     0.621    0.6702    0.3594   0.05544   0.05444   0.01228
   244/299     5.55G   0.03311   0.02153   0.00106    0.0557        16       640     0.715    0.6423    0.6708     0.359    0.0555   0.05416   0.01233
   245/299     5.55G   0.03307   0.02231  0.001123   0.05651        75       640    0.7151    0.6457    0.6764    0.3603   0.05543   0.05408   0.01222
   246/299     5.55G   0.03312   0.02206  0.001133   0.05631        49       640    0.7259    0.6408    0.6766    0.3573   0.05554   0.05448   0.01219
   247/299     5.55G     0.033   0.02146  0.001107   0.05557        26       640    0.7554    0.6145    0.6719    0.3579   0.05542   0.05471   0.01227
   248/299     5.55G   0.03267   0.02142  0.001085   0.05517        66       640    0.7299    0.6357    0.6747    0.3594   0.05546   0.05457   0.01233
   249/299     5.55G   0.03311   0.02138  0.001167   0.05565        88       640    0.7368    0.6333    0.6736    0.3599   0.05531   0.05481    0.0123
   250/299     5.55G   0.03266   0.02138  0.001153   0.05519        58       640    0.7493    0.6162    0.6686    0.3577   0.05527   0.05502   0.01235
   251/299     5.55G   0.03274   0.02176  0.001122   0.05562        36       640    0.7284    0.6308    0.6694    0.3575   0.05517   0.05484    0.0124
   252/299     5.55G   0.03256   0.02166   0.00107   0.05529        13       640    0.7276    0.6305    0.6691    0.3583   0.05518   0.05499   0.01236
   253/299     5.55G   0.03273    0.0224  0.001126   0.05625        69       640    0.7442    0.6201    0.6731    0.3593   0.05529   0.05486   0.01242
   254/299     5.55G   0.03292   0.02165   0.00117   0.05574        13       640    0.7265    0.6345    0.6754    0.3585   0.05524   0.05465   0.01229
   255/299     5.55G   0.03278   0.02181  0.001154   0.05575        58       640    0.7383    0.6276    0.6748    0.3587   0.05522   0.05462   0.01242
   256/299     5.55G   0.03269   0.02123  0.001095   0.05502        50       640    0.7221    0.6449    0.6723     0.356   0.05535   0.05494   0.01229
   257/299     5.55G    0.0328   0.02217  0.001064   0.05604        54       640    0.7307     0.638    0.6688    0.3552   0.05548   0.05491   0.01234
   258/299     5.55G   0.03313   0.02187  0.001055   0.05606        34       640    0.7117    0.6541    0.6713    0.3556   0.05542   0.05533   0.01231
   259/299     5.55G   0.03304   0.02165  0.001137   0.05583        23       640    0.7088    0.6497    0.6692    0.3547   0.05532   0.05539   0.01224
   260/299     5.55G   0.03222    0.0213  0.001117   0.05464        63       640     0.737    0.6354    0.6702    0.3549   0.05537   0.05537   0.01218
   261/299     5.55G   0.03284   0.02269  0.001105   0.05663         8       640    0.7418    0.6335     0.673    0.3556   0.05532   0.05534   0.01208
   262/299     5.55G   0.03244   0.02204  0.001076   0.05556        50       640    0.7322     0.637    0.6725    0.3551   0.05519   0.05503   0.01195
   263/299     5.55G   0.03214    0.0215  0.001046   0.05468        40       640     0.731     0.638    0.6733    0.3547   0.05526   0.05509     0.012
   264/299     5.55G   0.03271   0.02167  0.001096   0.05548        74       640    0.7105     0.649     0.672    0.3551   0.05524   0.05507   0.01201
   265/299     5.55G   0.03274   0.02186  0.001147   0.05575        99       640    0.7305    0.6314    0.6702    0.3542   0.05523    0.0552   0.01217
   266/299     5.55G   0.03238   0.02114   0.00113   0.05465        12       640    0.7206    0.6453    0.6708    0.3543   0.05522   0.05531   0.01223
   267/299     5.55G   0.03223   0.02134  0.001079   0.05465        47       640    0.7221    0.6442    0.6725    0.3547   0.05532   0.05528   0.01222
   268/299     5.55G   0.03211   0.02159   0.00105   0.05476        74       640    0.7482    0.6227    0.6709    0.3566   0.05536   0.05545   0.01207
   269/299     5.55G   0.03245   0.02167  0.001037   0.05516        58       640    0.7279    0.6351     0.671    0.3551   0.05524   0.05583   0.01192
   270/299     5.55G   0.03242   0.02228  0.001097   0.05579        22       640    0.7034    0.6511    0.6696    0.3551   0.05529   0.05558   0.01187
   271/299     5.55G   0.03196   0.02072  0.001074   0.05375        38       640    0.7448     0.627    0.6712    0.3553   0.05524   0.05567   0.01187
   272/299     5.55G    0.0321   0.02096   0.00101   0.05406        85       640    0.7372    0.6369    0.6724     0.357   0.05513   0.05577   0.01194
   273/299     5.55G   0.03203   0.02138  0.001062   0.05448        26       640    0.7201    0.6412    0.6705    0.3562   0.05526    0.0556   0.01201
   274/299     5.55G   0.03213   0.02108  0.001097   0.05431        18       640    0.7373    0.6299    0.6709    0.3553    0.0552   0.05587   0.01192
   275/299     5.55G   0.03243   0.02187  0.001051   0.05535        38       640    0.7355    0.6255    0.6694    0.3563   0.05514   0.05589   0.01197
   276/299     5.55G    0.0323   0.02089  0.001079   0.05427        47       640    0.7148    0.6416    0.6695    0.3572   0.05516   0.05605   0.01202
   277/299     5.55G   0.03203   0.02134 0.0009957   0.05437        68       640    0.7334    0.6301      0.67    0.3565   0.05523   0.05615   0.01199
   278/299     5.55G   0.03212   0.02096  0.001093   0.05417        61       640    0.7392    0.6243    0.6724    0.3572   0.05525   0.05613   0.01202
   279/299     5.55G   0.03206   0.02165  0.001073   0.05478        11       640    0.7229    0.6416    0.6729    0.3587   0.05522   0.05585   0.01199
   280/299     5.55G   0.03196   0.02143  0.001111    0.0545        56       640    0.7167    0.6471    0.6709    0.3566   0.05523   0.05608   0.01191
   281/299     5.55G   0.03209   0.02118  0.001097   0.05437        53       640    0.7172    0.6432    0.6708    0.3556   0.05516   0.05603   0.01195
   282/299     5.55G   0.03206   0.02118  0.001102   0.05434        25       640    0.7272     0.634    0.6728    0.3566   0.05514   0.05604   0.01195
   283/299     5.55G     0.032   0.02121  0.001005   0.05421        34       640    0.7112    0.6524    0.6743    0.3564   0.05515   0.05615   0.01203
   284/299     5.55G   0.03194   0.02182  0.001028   0.05479        18       640    0.7284    0.6367    0.6732    0.3566    0.0552   0.05626     0.012
   285/299     5.55G    0.0318   0.02107  0.001053   0.05392        49       640    0.7097     0.653    0.6733    0.3585   0.05525   0.05637   0.01204
   286/299     5.55G   0.03179   0.02127  0.001025   0.05409        52       640     0.737    0.6289    0.6717    0.3576   0.05532   0.05625   0.01209
   287/299     5.55G   0.03152   0.02134  0.001024   0.05388        30       640    0.7305    0.6341    0.6724    0.3575   0.05528   0.05607   0.01208
   288/299     5.55G   0.03197   0.02128  0.001075   0.05432        20       640    0.7263    0.6395    0.6717    0.3577   0.05531   0.05604   0.01213
   289/299     5.55G   0.03201    0.0212  0.001056   0.05427        33       640    0.7136     0.641    0.6692    0.3566   0.05533   0.05633   0.01205
   290/299     5.55G    0.0322    0.0222  0.001109   0.05551        35       640     0.722    0.6359    0.6675    0.3553   0.05533   0.05626   0.01205
   291/299     5.55G   0.03188   0.02082  0.001031   0.05373        37       640    0.7257    0.6322     0.668     0.358   0.05528   0.05624   0.01208
   292/299     5.55G   0.03183   0.02115  0.001049   0.05402        32       640    0.7379    0.6254    0.6673    0.3579   0.05532   0.05624   0.01208
   293/299     5.55G   0.03227   0.02183  0.001055   0.05516       126       640    0.7386    0.6319    0.6726    0.3581   0.05526   0.05625   0.01191
   294/299     5.55G   0.03184   0.02102  0.001059   0.05391        33       640     0.735    0.6266    0.6676     0.356   0.05529   0.05648   0.01186
   295/299     5.55G   0.03215   0.02133  0.001086   0.05457        27       640    0.7364     0.626    0.6691    0.3571   0.05529   0.05647   0.01193
   296/299     5.55G   0.03201   0.02188  0.001112     0.055       102       640      0.73     0.631    0.6684    0.3565   0.05529   0.05651   0.01204
   297/299     5.55G   0.03167   0.02118  0.001047   0.05389        43       640    0.7461    0.6245    0.6721    0.3575    0.0552   0.05643   0.01207
   298/299     5.55G   0.03174   0.02059   0.00101   0.05334        51       640    0.7414     0.625    0.6704    0.3569   0.05523   0.05656   0.01199
   299/299     5.55G   0.03161   0.02133  0.001078   0.05402        21       640    0.7608    0.6132    0.6716    0.3588   0.05519    0.0564   0.01201
